00000000000000000000000000000000
00000000000000000000000000000000
00000000000000000000000000000000
00000000000000000000000000000000
00000000000000000000000000000000
00000000000000000000000000000000
00000000000111111111100000000000
00000000000111111111101100011000
00000001111100000001111111011000
00000001111000000000010011000000
00000000011000000000001111000000
00000001100000000000000011000000
00000011100000000000000011100000
00000011100000000000000011100000
00000010000000000000000011100000
00000010000000000000000011100000
00000010000000000000000011000000
00000010000000000000000011000000
00000010000000000000000011000000
00000010000000000000000011000000
00000010000000000000000011100000
00000011100000000000000000100000
00000011100000000000000011000000
00000000011000000000000011000000
00000000000100000001101111000000
00000001100011000001111111000000
00000000011111001111111100000000
00000000000011001110000000000000
00000000000000000000000000000000
00000000000000000000000000000000
00000000000000000000000000000000
00000000000000000000000000000000
