00000000000000000000000000000000
00000000000000000000000000000000
00000000000000000000000000000000
00000000000000000000000000000000
00000000000000000000000000000000
00000000000000000000000000000000
00000000000111111111111100000000
00000000011111111111111110000000
00000000111111100000111111100000
00000000111111100000111111100000
00000000111000000000000011100000
00000011100000000000000001111000
00000011100000000000000001111000
00000011100000000000000001111000
00000011100000000000000001111000
00000011100000000000000001111000
00000011100000000000000001111000
00000011100000000000000001111000
00000011100000000000000001111000
00000011100000000000000001111000
00000011100000000000000001111000
00000011100000000000000001111000
00000000100000000000000001111000
00000000111000000000000011100000
00000000111111100000111111100000
00000000011111100000111111100000
00000000011111111111111110000000
00000000000111111111111100000000
00000000000000000000000000000000
00000000000000000000000000000000
00000000000000000000000000000000
00000000000000000000000000000000
