00000000000000000000000000000000
00000000000000000000000000000000
00000000000000000000000000000000
00000000000000000000000000000000
00000000000000000000000000000000
00000000000000000000000000000000
00000000000011111111100000000000
00000000011111111001111100000000
00000000011111000001101111000000
00000000011111000001111111000000
00000001111000000000001111000000
00000010000000000000000011000000
00000011100000000000000011000000
00000010000000000000000011100000
00000010000000000000000011100000
00000011100000000000000000000000
00000010000000000000000011000000
00000010000000000000000011000000
00000010000000000000000011100000
00000000000000000000000011000000
00000010000000000000000011100000
00000011100000000000000011100000
00000011100000000000000011100000
00000000011000000000001111000000
00000001111111000001111111000000
00000001111111000001100000000000
00000000011111110111111100000000
00000000000111111111110000000000
00000000000000000000000000000000
00000000000000000000000000000000
00000000000000000000000000000000
00000000000000000000000000000000
