00000000000000000000000000000000
00000000000000000000000000000000
00000000000000000000000000000000
00000000000000000000000000000000
00000000000000000000000000000000
00000000000000000000000000000000
00000000000000000000110000000000
00000000000000001111110000000000
00000000000000011111110000000000
00000000000000011111110000000000
00000000100111111111110000000000
00000000111111101111110000000000
00000000000000001111110000000000
00000000000000001111110000000000
00000000000000001111110000000000
00000000000000001111110000000000
00000000000000001111110000000000
00000000000000001111110000000000
00000000000000001111110000000000
00000000000000001111110000000000
00000000000000001111110000000000
00000000000000001111110000000000
00000000000000001111110000000000
00000000000000001111110000000000
00000000000000001111110000000000
00000000000000001111110000000000
00000000000000001111110000000000
00000000000000001111110000000000
00000000000000000000000000000000
00000000000000000000000000000000
00000000000000000000000000000000
00000000000000000000000000000000
