00000000000000000000000000000000
00000000000000000000000000000000
00000000000000000000000000000000
00000000000000000000000000000000
00000000000000000000000000000000
00000000000000000000000000000000
00000000000001111111111000000000
00000000001111111111111111000000
00000000111111100000000111000000
00000000000011100000000111000000
00000000110000000000000011110000
00000001110000000000000011110000
00000000000000000000000011110000
00000000000000000000000011110000
00000000000000000000000011110000
00000000000000000000000111000000
00000000000000000000111111000000
00000000000000000000111111000000
00000000000000000011111000000000
00000000000000001111111000000000
00000000000000001111111000000000
00000000000000011100000000000000
00000000001111110000000000000000
00000000111111100000000000000000
00000000111100000000000000000000
00000000110000000000000000000000
00000000111111111111111111110000
00000001111111111111111111110000
00000000000000000000000000000000
00000000000000000000000000000000
00000000000000000000000000000000
00000000000000000000000000000000
