00000000000000000000000000000000
00000000000000000000000000000000
00000000000000000000000000000000
00000000000000000000000000000000
00000000000000000000000000000000
00000000000000000000000000000000
00000000000011111111100000000000
00000001100111111111110000000000
00000001111100000000011100000000
00000010011000000000011100000000
00001100000000000000001111000000
00000000000000000000001111000001
00000000000000000000001111000001
00000000000000000000001111000001
00000000000000000000001100000001
00000000000000000000001100000001
00000000000000000110011100000001
00000000000000000110011100000001
00000000000000000111110000000001
00000000000000000111100000000001
00000000000000111111100000000001
00000000000011110000000000000001
00000001111111000000000000000001
00000010011100000000000000000000
00000001100000000000000000000000
00000011100000000000000000000000
00001111111111111111111100000000
00001111111111111111111111000000
00000000000000000000000000000000
00000000000000000000000000000000
00000000000000000000000000000000
00000000000000000000000000000000
