00000000000000000000000000000000
00000000000000000000000000000000
00000000000000000000000000000000
00000000000000000000000000000000
00000000000000000000000000000000
00000000000000000000000000000000
00000000000111111001100000000000
00000000011111111111110000000000
00000001111000000001111100000000
00000011111000000000001111000000
00000011100000000000001111000000
00000000000000000000001111000000
00000000000000000000001111000000
00000000000000000000011100000000
00000000000000000000011100000000
00000000000000111001100000011000
00000000000000001110000000000000
00000000000000001110000000000000
00000000000000000000001111000000
00000000000000000000000011100000
00000000000000000000000011100000
00000000000000000000000011100000
00000011100000000000000011100000
00000011100000000000000011100000
00000000011000000000001111000000
00000001111000000000001111000000
00000001111111111111111100000000
00000000000111111111110000000000
00000000000000000000000000000000
00000000000000000000000000000000
00000000000000000000000000000000
00000000000000000000000000000000
