00000000000000000000000000000000
00000000000000000000000000000000
00000000000000000000000000000000
00000000000000000000000000000000
00000000000000000000000000000000
00000000000000000000000000000000
00000000000111111110000000000000
00000000011100111111110000000000
00000011111000000001101111000000
00000011111000000001101111000000
00000001100000000000001111000000
00000000000000000000001111000000
00000000000000000000001111000000
00000000000000000000011100000000
00000000000000000001111100000000
00000000000000111111100000000000
00000000000000001110011100000000
00000000000000001110011100000000
00000000000000000000001111000000
00000000000000000000000011100000
00000000000000000000000011100000
00000000000000000000000011100000
00000011100000000000000011100000
00000011100000000000000011100000
00000001111000000000001111000000
00000001111000000000000011000000
00000001111111111111110000000000
00000000000011111111110000000000
00000000000000000000000000000000
00000000000000000000000000000000
00000000000000000000000000000000
00000000000000000000000000000000
