00000000000000000000000000000000
00000000000000000000000000000000
00000000000000000000000000000000
00000000000000000000000000000000
00000000000000000000000000000000
00000000000000000000000000000000
00000000000011111111100000000000
00000001111111111111111100000000
00000011111000000001111111000000
00000011111000000000011111000000
00000010000000000000001111000000
00000000000000000000001100000000
00000000000000000000001111000000
00000000000000000001111100000000
00000000000000000000001100000000
00000000000000001111110000000000
00000000000000111111111100000000
00000000000000111111111100000000
00000000000000000000001100000000
00000000000000000000000000000000
00000000000000000000000011100000
00000000000000000000000011100000
00000011100000000000000011100000
00000011100000000000000000100000
00000001111000000000001111000000
00000001100000000000001111000000
00000000011111111111110000000000
00000000000111111111100000000000
00000000000000000000000000000000
00000000000000000000000000000000
00000000000000000000000000000000
00000000000000000000000000000000
