00000000000000000000000000000000
00000000000000000000000000000000
00000000000000000000000000000000
00000000000000000000000000000000
00000000000000000000000000000000
00000000000000000000000000000000
00000000000000000000010000000000
00000000000000000111111100000000
00000000000000000111111100000000
00000000000000000111111100000000
00000000000000000111111100000000
00000000000000111001111100000000
00000000000111111001111100000000
00000000000111110001111100000000
00000000011111110001111100000000
00000000011100000001111100000000
00000001111000000001111100000000
00000001111000000001111100000000
00000011100000000001111100000000
00001111100000000001111100000000
00001111100000000001111100000000
00001111111111111111111111100000
00001111111111111111111111100000
00000000000000000001111100000000
00000000000000000001111100000000
00000000000000000001111100000000
00000000000000000001111100000000
00000000000000000001111100000000
00000000000000000000000000000000
00000000000000000000000000000000
00000000000000000000000000000000
00000000000000000000000000000000
