00000000000000000000000000000000
00000000000000000000000000000000
00000000000000000000000000000000
00000000000000000000000000000000
00000000000000000000000000000000
00000000000000000000000000000000
00000000000000000000110000000000
00000000000000001111111100000000
00000000000000001111111100000000
00000000000000001111111100000000
00000000000000001111111100000000
00000000000001110011111100000000
00000000011111110011111100000000
00000000011111100011111100000000
00000000111111100011111100000000
00000000111000000011111100000000
00000011100000000011111100000000
00000011100000000011111100000000
00001111000000000011111100000000
00111111000000000011111100000000
00111111000000000011111100000000
00111111111111111111111111100000
00111111111111111111111111100000
00000000000000000011111100000000
00000000000000000011111100000000
00000000000000000011111100000000
00000000000000000011111100000000
00000000000000000011111100000000
00000000000000000000000000000000
00000000000000000000000000000000
00000000000000000000000000000000
00000000000000000000000000000000
