00000000000000000000000000000000
00000000001000000000000000000000
00000000001000000000000000000000
00000000001000000000000000000000
00000000001000000000000000000000
00000000001000000000000000000000
00000000001000000000111100000000
00000000001000000000111100000000
00000000001000000011111100000000
00000000001000000011111100000000
00000000011000011111111100000000
00000000000001111100111100000000
00000000010111111100111100000000
00000000011111100000111100000000
00000000011111100000111100000000
00000000011110000000111100000000
00000011111000000000111100000000
00001111100000000000111100000000
00111111100000000000111100000000
00111111111111111111111111111000
00111111111111111111111111111010
00111111111111111111111111111000
00000000000000000000111100000000
00000000010000000000111100000000
00000000000000000000111100000000
00000000000000000000111100000000
00000000000000000000000000000000
00000000010000000000000000000000
00000000010000000000000000000000
00000000010000000000000000000000
00000000010000000000000000000000
00000000010000000000000000000000
