00000000000000000000000000000000
00000000000000000000000000000000
00000000000000000000000000000000
00000000000000000000000000000000
00000000000000000000000000000000
00000000000000000000000000000000
00000000000000000000001111100000
00000000000000000000001111100000
00000000000000000000111111100000
00000000000000000000111111100000
00000000000000001111111111100000
00000000000000111111001111100000
00000000000111111111001111100000
00000000001111110000001111100000
00000000011111110000001111100000
00000000011111000000001111100000
00000011111000000000001111100000
00001111100000000000001111100000
00011111100000000000001111100000
00111111111111111111111111111111
00111111111111111111111111111111
00111111111111111111111111111111
00000000000000000000001111100000
00000000000000000000001111100000
00000000000000000000001111100000
00000000000000000000001111100000
00000000000000000000000000000000
00000000000000000000000000000000
00000000000000000000000000000000
00000000000000000000000000000000
00000000000000000000000000000000
00000000000000000000000000000000
