00000000000000000000000000000000
00000000000000000000000000000000
00000000000000000000000000000000
00000000000000000000000000000000
00000000000000000000000000000000
00000000000000000000000000000000
00000000000000000011110000000000
00000000000000000011110000000000
00000000000000001111110000000000
00000000000000001111110000000000
00000000000000111111110000000000
00000000000001110011110000000000
00000000001111110011110000000000
00000000011111000011110000000000
00000000111111000011110000000000
00000000111000000011110000000000
00000011100000000011110000000000
00001111000000000011110000000000
00011111000000000011110000000000
00011111011111111111111111000000
00011111111111111111110111000000
00011111111111111111111111000000
00000000000000000011110000000000
00000000000000000011110000000000
00000000000000000011110000000000
00000000000000000011110000000000
00000000000000000000000000000000
00000000000000000000000000000000
00000000000000000000000000000000
00000000000000000000000000000000
00000000000000000000000000000000
00000000000000000000000000000000
