00000000000000000000000000000000
00000000000000000000000000000000
00000000000000000000000000000000
00000000000000000000000000000000
00000000000000000000000000000000
00000000000000000000000000000000
00000000000111110111111111000000
00000000011111111111111111000000
00000000011011000000000000000000
00000000011111000000000000000000
00000000011111000000000000000000
00000001100100000000000000000000
00000001111000000000000000000000
00000001111000110111110000000000
00000001111000001111110000000000
00000001111100111001111111000000
00000001111000000000001111000000
00000001111000000000001111000000
00000000000000000000000011100000
00000000000000000000000011100000
00000000000000000000000011100000
00000000000000000000000011100000
00000011100000000000000011100000
00000011100000000000001111100000
00000001111000000001111111000000
00000001111000000001111111000000
00000000011111111111110000000000
00000000000111111111110000000000
00000000000000000000000000000000
00000000000000000000000000000000
00000000000000000000000000000000
00000000000000000000000000000000
