00000000000000000000000000000000
00000000000000000000000000000000
00000000000000000000000000000000
00000000000000000000000000000000
00000000000000000000000000000000
00000000000000000000000000000000
00000000000000110111111100000000
00000000011111111111111111000000
00000000011111000000000000100000
00000001111111000000001111100000
00000001111000000000000011100000
00000001111000000000000000000000
00000011100000000000000000000000
00000010000000111111110000000000
00000011100000111111110000000000
00000001111111111110011111000000
00000011100011000000001111000000
00000011100011000000001111000000
00000010000000000000000011100000
00000011100000000000000011100000
00000011100000000000000011100000
00000011100000000000000011100000
00000011100000000000000011100000
00000001100000000000001111000000
00000001111100000000001111000000
00000001111111000000001111000000
00000000011111111111111100000000
00000000000111111110010000000000
00000000000000000000000000000000
00000000000000000000000000000000
00000000000000000000000000000000
00000000000000000000000000000000
