00000000000000000000000000000000
00000000000000000000000000000000
00000000000000000000000000000000
00000000000000000000000000011000
00000000000000000000000000000000
00000000000000000000000000000000
00000011111111111111111111000000
00000011111111111111111111100000
00000000000000000000000011100000
00000000000000000000001111100000
00000000000000000000001111000000
00000000000000000000001111000000
00000000000000000001111100000000
00000000000000000000011100000000
00000000000000000001111100000000
00000000000000000111100000000000
00000000000000000111110000000000
00000000000000000111110000000000
00000000000000001000000000000000
00000000000000000110000000000000
00000000000000001110000000000000
00000000000000111110000000000000
00000000000000111000000000000000
00000000000000000000000000000000
00000000000011110000000000000000
00000000000111000000000000000000
00000000000000110000000000000000
00000000000111000000000000000000
00000000000000000000000000000000
00000000000000000000000000000000
00000000000000000000000000000000
00000000000000000000000000000000
