00000000000000000000000000000000
00000000000000000000000000000000
00000000000000000000000000000000
00000000000000000000000000000000
00000000000000000000000000000000
00000000000000000000000000000000
00000001111011001111111111100000
00000001111111111111111111100000
00000000000000000000000000100000
00000000000000000000001111100000
00000000000000000000001111000000
00000000011000000000001111000000
00000000011000000001111100000000
00000000000000000001111100000000
00000000000000000001101100000000
00000000000000000001110000000000
00000000000000000111110000000000
00000000000000000111110000000000
00000000000000000110000000000000
00000000000000001110000000000000
00000000000000001110000000000000
00000000000000111110000000000000
00000000000000111000000000000000
00000000000000111000000000000000
00000000000111110000000000000000
00000000000111110000000000000000
00000000000000110000000000000000
00000000011100000000000000000000
00000000000000000000000000000000
00000000000000000000000000000000
00000000000000000000000000000000
00000000000000000000000000000000
