00000000000000000000000000000000
00000000000000000000000000000000
00000000000000000000000000000000
00000000000000000000000000000000
00000000000000000000000000000000
00000000000000000000000000000000
00000011111111111001111111100000
00000011111111001111111111100000
00000000000000000000001111100000
00000000000000000000001111100000
00000000000000000000000011000000
00000000000000000000001111000000
00000000000000000001111100000000
00000000000000000001111100000000
00000000000000000000011100000000
00000000000000000111110000000000
00000000000000000111110000000000
00000000000000000111110000000000
00000000000000001110000000000000
00000000000000001110000000000000
00000000000000001110000000000000
00000000000000111110000000000000
00000000000000111000000000000000
00000000000000111000000000000000
00000000000111110000000000000000
00000000000111110000000000000000
00000000000111110000000000000000
00000000000111000000000000000000
00000000000000000000000000000000
00000000000000000000000000000000
00000000000000000000000000000000
00000000000000000000000000000000
