00000000000000000000000000000000
00000000000000000000000000000000
00000000000000000000000000000000
00000000000000000000000000000000
00000000000000000000000000000000
00000000000000000000000000000000
00000000000111111111110000000000
00000000011111111111111100000000
00000000011100000001111100000000
00000001111111000001111100000000
00000000011000000000001111000000
00000001111000000000001111000000
00000001111000000000001100000000
00000000011011110111111100000000
00000000011111110111111100000000
00000000000111110111110000000000
00000000011111110111111100000000
00000000011111110111111100000000
00000001111100000001110011000000
00000011100000000000001111000000
00000011100000000000001111000000
00000011100000000000000011000000
00000011100000000000000011000000
00000011100000000000000011000000
00000001100000000000001111000000
00000001111000000000001111000000
00000000011111111111111100000000
00000000000111111111110000000000
00000000000000000000000000000000
00000000000000000000000000000000
00000000000000000000000000000000
00000000000000000000000000000000
