00000000000000000000000000000000
00000000000000000000000000000000
00000000000000000000000000000000
00000000000000000000000000000000
00000000000000000000000000000000
00000000000000000000000000000000
00000000000111111111110000000000
00000000011111110111101100000000
00000001111000000001110000000000
00000001111000000000011100000000
00000001111000000000001100000000
00000011100000000000000011100000
00000011100000000000000011100000
00000011100000000000000011100000
00000011100000000000000011100000
00000001111000000000000011100000
00000001100000000001111111100000
00000001100000000001111111100000
00000001111111111111111111100000
00000000000111111110000011100000
00000000000011111110000011100000
00000000000000000000000011100000
00000000000000000000000011000000
00000011100000000000000011000000
00000011111000000001100011000000
00000011111000000001110011000000
00000000011111111110001100000000
00000000011111111110000000000000
00000000000000000000000000000000
00000000000000000000000000000000
00000000000000000000000000000000
00000000000000000000000000000000
