00000000000000000000000000000000
00000000000000000000000000000000
00000000000000000000000000000000
00000000000000000000000000000000
00000000000000000000000000000000
00000000000000000000000000000000
00000000001111111111000000000000
00000000001111111111000000000000
00000000111111111111110000000000
00000011110000000011111100000000
00001111110000000000111100000000
00001111000000000000001111000000
00001111000000000000001111000000
00001111000000000000001111000000
00001111000000000000001111000000
00001111110000000000001111000000
00000011110000000011111111000000
00000011101111111111111111000000
00000000001111111100001111000000
00000000000000000000001111000000
00000000000000000000111100000000
00000000000000000000111100000000
00001111110000000011111100000000
00001111110000000011111100000000
00000011111111111111110000000000
00000000111111111100000000000000
00000000000000000000000000000000
00000000000000000000000000000000
00000000000000000000000000000000
00000000000000000000000000000000
00000000000000000000000000000000
00000000000000000000000000000000
