00000000000000000000000000000000
00000000000000000000000000000000
00000000000000000000000000000000
00000000000000000000000000000000
00000000000000000000000000000000
00000000000000000000000000000000
00000000001111111111111100000000
00000000001111111111111100000000
00000000111111111111111111000000
00000111111110000000011111111000
00000111110000000000000011111000
00011111000000000000000000111110
00011111000000000000000000111110
00011111000000000000000000111110
00011111000000000000000000111110
00011111000000000000000000111110
00011111000000000000000000111110
00011111000000000000000000111110
00011111000000000000000000111110
00011111000000000000000000111110
00011111000000000000000000111110
00011111000000000000000000111110
00000111111110000000011111111000
00000101111110000000011111111000
00000000111111111111111111000000
00000000001111111111111100000000
00000000000000000000000000000000
00000000000000000000000000000000
00000000000000000000000000000000
00000000000000000000000000000000
00000000000000000000000000000000
00000000000000000000000000000000
