00000000000000000000000000000000
00000000000000000000000000000000
00000000000000000000000000000000
00000000000000000000000000000000
00000000000000000000000000000000
00000000000000000000000000000000
00000000001111111111000000000000
00000000001111111111000000000000
00000000111111111111110000000000
00000011111100000011111100000000
00000011110000000000111100000000
00001111000000000000001111000000
00001111000000000000001111000000
00001111000000000000001111000000
00001111000000000000001111000000
00001111000000000000001111000000
00001111000000000000001111000000
00001111000000000000001111000000
00001111000000000000001111000000
00001111000000000000001111000000
00001111000000000000001111000000
00001111000000000000001111000000
00000011111100000011111100000000
00000011111100000011111100000000
00000000111111111111110000000000
00000000001111111111000000000000
00000000000000000000000000000000
00000000000000000000000000000000
00000000000000000000000000000000
00000000000000000000000000000000
00000000000000000000000000000000
00000000000000000000000000000000
