00000000000000000000000000000000
00000000000000000000000000000000
00000000000000000000000000000000
00000000000000000000000000000000
00000000000000000000000000000000
00000000000000000000000000000000
00000000000111111111111110000000
00000000000111111111111110000000
00000011111111111111111111100000
00001111111000000000001111111100
00001111100000000000000001111100
00000000000000000000000001111100
00000000000000000000000001111100
00000000000000000000001111100000
00000000000000000000001111100000
00000000000000111111111110000000
00000000000000111111111111100000
00000000000000000000000001111100
00000000000000000000000000011111
00000000000000000000000000011111
00001111100000000000000000011111
00001111100000000000000000011111
00000011111000000000000001111100
00000011111000000000000001111100
00000011111111111111111111100000
00000000000111111111111110000000
00000000000000000000000000000000
00000000000000000000000000000000
00000000000000000000000000000000
00000000000000000000000000000000
00000000000000000000000000000000
00000000000000000000000000000000
